(
test1:0.44444,
test2:0.04444,
test3:0.35556);
